6
12th March 2016
14 00 05
5
1015
1 15 23
456
1 14 36
857
2 19 32
56
1 50 34
87
1 12 34
15th December 2015
14 30 23
4
87
3 45 23
235
3 40 23
359
4 10 05
23
3 58 02
23rd April 2016
15 21 05
5
857
1 05 06
2
1 06 09
657
1 23 00
56
1 25 24
456
1 11 06
4th May 2016
15 00 05
3
857
2 04 56
235
2 03 45
23
1 59 59
10th June 2016
16 04 45
8
2
1 14 00
23
1 13 58
857
1 20 14
87
1 11 04
456
1 10 56
235
1 09 45
1015
1 23 45
359
1 17 05
28th August 2016
11 05 04
8
2
1 34 34
23
1 23 56
857
1 30 34
87
1 20 56
456
1 34 45
235
1 05 54
1015
1 17 44
359
1 16 15
